0  0  1.3930345856
0  1  0.8229707283
0  2  0.4112556712
0  3  0.8988886810
0  4  0.7191398925
0  5  0.3921910019
0  6  0.8229044712
0  7  0.5436814642
0  8  0.6450764592
0  9  0.7435204763
0  10  0.5214359134
0  11  0.4940205935
0  12  0.3431535702
0  13  0.5053784562
0  14  0.4779945910
0  15  1.0966439087
0  16  0.6940510581
0  17  0.3526254356
0  18  0.7564581433
0  19  0.5122489256
0  20  0.4789732621
1  0  0.8229707283
1  1  0.5097032748
1  2  0.2577571891
1  3  0.5452764867
1  4  0.4461639500
1  5  0.2458565782
1  6  0.5430280866
1  7  0.3657713304
1  8  0.4110476153
1  9  0.4919791039
1  10  0.3509188985
1  11  0.3401151065
1  12  0.2215482240
1  13  0.3410852217
1  14  0.3292098512
1  15  0.6940510581
1  16  0.4469738040
1  17  0.2284514502
1  18  0.5043740835
1  19  0.3464883130
1  20  0.3302598079
2  0  0.4112556712
2  1  0.2577571891
2  2  0.1307944868
2  3  0.2741360239
2  4  0.2257352003
2  5  0.1247629004
2  6  0.2798675131
2  7  0.1898028734
2  8  0.2094267588
2  9  0.2537941749
2  10  0.1821172677
2  11  0.1780352677
2  12  0.1133416645
2  13  0.1771985409
2  14  0.1723531636
2  15  0.3526254356
2  16  0.2284514502
2  17  0.1169978937
2  18  0.2608752517
2  19  0.1801516226
2  20  0.1729802406
3  0  0.8988886810
3  1  0.5452764867
3  2  0.2741360239
3  3  0.6554225692
3  4  0.4920654941
3  5  0.2642136870
3  6  0.5625559768
3  7  0.3748035769
3  8  0.4920654941
3  9  0.5305049335
3  10  0.3646781786
3  11  0.3438321429
3  12  0.2642136870
3  13  0.3646781786
3  14  0.3378957425
3  15  0.8988886810
3  16  0.5452764867
3  17  0.2741360239
3  18  0.5625559768
3  19  0.3748035769
3  20  0.3438321429
4  0  0.7191398925
4  1  0.4461639500
4  2  0.2257352003
4  3  0.4920654941
4  4  0.3945547620
4  5  0.2160666608
4  6  0.4766103604
4  7  0.3213351033
4  8  0.3747726214
4  9  0.4383565844
4  10  0.3099355428
4  11  0.2991490133
4  12  0.2025124285
4  13  0.3046856744
4  14  0.2913074853
4  15  0.6450764592
4  16  0.4110476153
4  17  0.2094267588
4  18  0.4557661339
4  19  0.3110449736
4  20  0.2939556787
5  0  0.3921910019
5  1  0.2458565782
5  2  0.1247629004
5  3  0.2642136870
5  4  0.2160666608
5  5  0.1191532084
5  6  0.2670318840
5  7  0.1811194589
5  8  0.2025124285
5  9  0.2434447564
5  10  0.1741185356
5  11  0.1699164673
5  12  0.1096924161
5  13  0.1701025646
5  14  0.1648558196
5  15  0.3431535702
5  16  0.2215482240
5  17  0.1133416645
5  18  0.2514705733
5  19  0.1732407910
5  20  0.1658086798
6  0  0.8229044712
6  1  0.5430280866
6  2  0.2798675131
6  3  0.5625559768
6  4  0.4766103604
6  5  0.2670318840
6  6  0.6441058712
6  7  0.4526693878
6  8  0.4557661339
6  9  0.5868667580
6  10  0.4346160153
6  11  0.4459926412
6  12  0.2514705733
6  13  0.4252661550
6  14  0.4321479708
6  15  0.7564581433
6  16  0.5043740835
6  17  0.2608752517
6  18  0.6114076270
6  19  0.4342586351
6  20  0.4348691460
7  0  0.5436814642
7  1  0.3657713304
7  2  0.1898028734
7  3  0.3748035769
7  4  0.3213351033
7  5  0.1811194589
7  6  0.4526693878
7  7  0.3251397311
7  8  0.3110449736
7  9  0.4135665354
7  10  0.3123019736
7  11  0.3317790541
7  12  0.1732407910
7  13  0.3067129517
7  14  0.3217063490
7  15  0.5122489256
7  16  0.3464883130
7  17  0.1801516226
7  18  0.4342586351
7  19  0.3141092866
7  20  0.3244036800
8  0  0.6450764592
8  1  0.4110476153
8  2  0.2094267588
8  3  0.4920654941
8  4  0.3747726214
8  5  0.2025124285
8  6  0.4557661339
8  7  0.3110449736
8  8  0.3945547620
8  9  0.4383565844
8  10  0.3046856744
8  11  0.2939556787
8  12  0.2160666608
8  13  0.3099355428
8  14  0.2913074853
8  15  0.7191398925
8  16  0.4461639500
8  17  0.2257352003
8  18  0.4766103604
8  19  0.3213351033
8  20  0.2991490133
9  0  0.7435204763
9  1  0.4919791039
9  2  0.2537941749
9  3  0.5305049335
9  4  0.4383565844
9  5  0.2434447564
9  6  0.5868667580
9  7  0.4135665354
9  8  0.4383565844
9  9  0.5490565869
9  10  0.4010953069
9  11  0.4091610319
9  12  0.2434447564
9  13  0.4010953069
9  14  0.4015371702
9  15  0.7435204763
9  16  0.4919791039
9  17  0.2537941749
9  18  0.5868667580
9  19  0.4135665354
9  20  0.4091610319
10  0  0.5214359134
10  1  0.3509188985
10  2  0.1821172677
10  3  0.3646781786
10  4  0.3099355428
10  5  0.1741185356
10  6  0.4346160153
10  7  0.3123019736
10  8  0.3046856744
10  9  0.4010953069
10  10  0.3011792824
10  11  0.3189044687
10  12  0.1701025646
10  13  0.2983470138
10  14  0.3109049324
10  15  0.5053784562
10  16  0.3410852217
10  17  0.1771985409
10  18  0.4252661550
10  19  0.3067129517
10  20  0.3151820766
11  0  0.4940205935
11  1  0.3401151065
11  2  0.1780352677
11  3  0.3438321429
11  4  0.2991490133
11  5  0.1699164673
11  6  0.4459926412
11  7  0.3317790541
11  8  0.2939556787
11  9  0.4091610319
11  10  0.3189044687
11  11  0.3616820483
11  12  0.1658086798
11  13  0.3151820766
11  14  0.3512175170
11  15  0.4789732621
11  16  0.3302598079
11  17  0.1729802406
11  18  0.4348691460
11  19  0.3244036800
11  20  0.3557032286
12  0  0.3431535702
12  1  0.2215482240
12  2  0.1133416645
12  3  0.2642136870
12  4  0.2025124285
12  5  0.1096924161
12  6  0.2514705733
12  7  0.1732407910
12  8  0.2160666608
12  9  0.2434447564
12  10  0.1701025646
12  11  0.1658086798
12  12  0.1191532084
12  13  0.1741185356
12  14  0.1648558196
12  15  0.3921910019
12  16  0.2458565782
12  17  0.1247629004
12  18  0.2670318840
12  19  0.1811194589
12  20  0.1699164673
13  0  0.5053784562
13  1  0.3410852217
13  2  0.1771985409
13  3  0.3646781786
13  4  0.3046856744
13  5  0.1701025646
13  6  0.4252661550
13  7  0.3067129517
13  8  0.3099355428
13  9  0.4010953069
13  10  0.2983470138
13  11  0.3151820766
13  12  0.1741185356
13  13  0.3011792824
13  14  0.3109049324
13  15  0.5214359134
13  16  0.3509188985
13  17  0.1821172677
13  18  0.4346160153
13  19  0.3123019736
13  20  0.3189044687
14  0  0.4779945910
14  1  0.3292098512
14  2  0.1723531636
14  3  0.3378957425
14  4  0.2913074853
14  5  0.1648558196
14  6  0.4321479708
14  7  0.3217063490
14  8  0.2913074853
14  9  0.4015371702
14  10  0.3109049324
14  11  0.3512175170
14  12  0.1648558196
14  13  0.3109049324
14  14  0.3439245893
14  15  0.4779945910
14  16  0.3292098512
14  17  0.1723531636
14  18  0.4321479708
14  19  0.3217063490
14  20  0.3512175170
15  0  1.0966439087
15  1  0.6940510581
15  2  0.3526254356
15  3  0.8988886810
15  4  0.6450764592
15  5  0.3431535702
15  6  0.7564581433
15  7  0.5122489256
15  8  0.7191398925
15  9  0.7435204763
15  10  0.5053784562
15  11  0.4789732621
15  12  0.3921910019
15  13  0.5214359134
15  14  0.4779945910
15  15  1.3930345856
15  16  0.8229707283
15  17  0.4112556712
15  18  0.8229044712
15  19  0.5436814642
15  20  0.4940205935
16  0  0.6940510581
16  1  0.4469738040
16  2  0.2284514502
16  3  0.5452764867
16  4  0.4110476153
16  5  0.2215482240
16  6  0.5043740835
16  7  0.3464883130
16  8  0.4461639500
16  9  0.4919791039
16  10  0.3410852217
16  11  0.3302598079
16  12  0.2458565782
16  13  0.3509188985
16  14  0.3292098512
16  15  0.8229707283
16  16  0.5097032748
16  17  0.2577571891
16  18  0.5430280866
16  19  0.3657713304
16  20  0.3401151065
17  0  0.3526254356
17  1  0.2284514502
17  2  0.1169978937
17  3  0.2741360239
17  4  0.2094267588
17  5  0.1133416645
17  6  0.2608752517
17  7  0.1801516226
17  8  0.2257352003
17  9  0.2537941749
17  10  0.1771985409
17  11  0.1729802406
17  12  0.1247629004
17  13  0.1821172677
17  14  0.1723531636
17  15  0.4112556712
17  16  0.2577571891
17  17  0.1307944868
17  18  0.2798675131
17  19  0.1898028734
17  20  0.1780352677
18  0  0.7564581433
18  1  0.5043740835
18  2  0.2608752517
18  3  0.5625559768
18  4  0.4557661339
18  5  0.2514705733
18  6  0.6114076270
18  7  0.4342586351
18  8  0.4766103604
18  9  0.5868667580
18  10  0.4252661550
18  11  0.4348691460
18  12  0.2670318840
18  13  0.4346160153
18  14  0.4321479708
18  15  0.8229044712
18  16  0.5430280866
18  17  0.2798675131
18  18  0.6441058712
18  19  0.4526693878
18  20  0.4459926412
19  0  0.5122489256
19  1  0.3464883130
19  2  0.1801516226
19  3  0.3748035769
19  4  0.3110449736
19  5  0.1732407910
19  6  0.4342586351
19  7  0.3141092866
19  8  0.3213351033
19  9  0.4135665354
19  10  0.3067129517
19  11  0.3244036800
19  12  0.1811194589
19  13  0.3123019736
19  14  0.3217063490
19  15  0.5436814642
19  16  0.3657713304
19  17  0.1898028734
19  18  0.4526693878
19  19  0.3251397311
19  20  0.3317790541
20  0  0.4789732621
20  1  0.3302598079
20  2  0.1729802406
20  3  0.3438321429
20  4  0.2939556787
20  5  0.1658086798
20  6  0.4348691460
20  7  0.3244036800
20  8  0.2991490133
20  9  0.4091610319
20  10  0.3151820766
20  11  0.3557032286
20  12  0.1699164673
20  13  0.3189044687
20  14  0.3512175170
20  15  0.4940205935
20  16  0.3401151065
20  17  0.1780352677
20  18  0.4459926412
20  19  0.3317790541
20  20  0.3616820483
